index,0,1,2
26457,0.0769514769687881,0.16701308540468235,0.7560354376265296
26458,0.18184024905482127,0.1416614738449431,0.6764982771002356
26459,0.044569136120536715,0.12655655420277456,0.8288743096766887
26460,0.10185128923337768,0.1031572855055425,0.7949914252610798
26461,0.14579430900984014,0.17629091196417696,0.6779147790259828
26462,0.10397016674267731,0.15364329157356518,0.7423865416837575
26463,0.38927998932384633,0.6096197314697488,0.0011002792064049366
26464,0.13434643186793443,0.12623585827894168,0.7394177098531238
26465,0.04652493132016219,0.11113007906332342,0.8423449896165145
26466,0.05955178602126009,0.2664566954880607,0.6739915184906793
26467,0.07234622449746066,0.2072214123787166,0.7204323631238227
26468,0.11619915691864573,0.16175539856059787,0.7220454445207564
26469,0.1848288830721738,0.1489156858503093,0.666255431077517
26470,0.05369522283623292,0.1700778747437046,0.7762269024200625
26471,0.12480751661452878,0.21401888197513655,0.6611736014103347
26472,0.12849858106449927,0.20679714823775483,0.6647042706977458
26473,0.0677655233178316,0.16145041663860354,0.7707840600435648
26474,0.26127477895687573,0.738093734333698,0.0006314867094262387
26475,0.1793476147887708,0.28126996870358406,0.5393824165076453
26476,0.04627148145629929,0.11174077001907938,0.8419877485246213
26477,0.12582538510884453,0.23353044777337797,0.6406441671177775
26478,0.11152190823413037,0.11782133212424911,0.7706567596416206
26479,0.04982385167584869,0.1367580492045013,0.8134180991196499
26480,0.05045617000862637,0.09189846937526816,0.8576453606161055
26481,0.06385166437067563,0.28715863651872475,0.6489896991105996
26482,0.136057500902067,0.10610460748627933,0.7578378916116537
26483,0.051868649829903295,0.13707217174517616,0.8110591784249205
26484,0.14374194419834238,0.22274566402124032,0.6335123917804173
26485,0.09437410592448466,0.06074462817311859,0.8448812659023966
26486,0.11599564929234094,0.24422107799937245,0.6397832727082866
26487,0.15037951792657958,0.13775518755147595,0.7118652945219445
26488,0.151681611779946,0.821733626234259,0.026584761985794972
26489,0.10089867303277535,0.2550542382187408,0.6440470887484839
26490,0.09797545768728766,0.31312873401989477,0.5888958082928175
26491,0.10945087325160639,0.10793609855632696,0.7826130281920667
26492,0.04861111075431911,0.2166378701114341,0.7347510191342468
26493,0.21612061724184453,0.7833009389913996,0.0005784437667558914
26494,0.0936733497646612,0.13268045906937578,0.773646191165963
26495,0.029735331351342074,0.12302227320795121,0.8472423954407067
26496,0.08696663812104269,0.16383152815604127,0.7492018337229159
26497,0.08198665577527968,0.6627614892647127,0.25525185496000774
26498,0.14795584163789505,0.3833523040134078,0.4686918543486971
26499,0.059922561195987885,0.17719526946588882,0.7628821693381234
26500,0.10027843719187603,0.26557035112669997,0.634151211681424
26501,0.09800129966006928,0.13894540987155982,0.7630532904683709
26502,0.04217336501747827,0.07910947484700273,0.8787171601355189
26503,0.14076469707095363,0.1925887468491148,0.6666465560799315
26504,0.09280691727333368,0.23992758803885533,0.6672654946878109
26505,0.05653280232993367,0.0671896144390273,0.876277583231039
26506,0.045302813045824494,0.9478173946727803,0.006879792281395361
26507,0.21417566271792923,0.783846774283606,0.0019775629984646694
26508,0.07858293865311253,0.39009239155550623,0.5313246697913812
26509,0.09176010664129304,0.15041969025074742,0.7578202031079595
26510,0.061217265128690926,0.21435924484492896,0.7244234900263802
26511,0.10579818095618634,0.10717958951379364,0.7870222295300199
26512,0.06625104176918,0.11696279283234792,0.816786165398472
26513,0.12203355580292465,0.1682329670364389,0.7097334771606364
26514,0.10219472688646286,0.09851661955197534,0.7992886535615618
26515,0.40095900672672546,0.0929635394786795,0.506077453794595
26516,0.1194781618300935,0.23450332296373944,0.6460185152061672
26517,0.24907128690725386,0.7494912817271958,0.0014374313655502716
26518,0.08116463831584875,0.1875979476769739,0.7312374140071773
26519,0.398518189212115,0.14748215288311706,0.453999657904768
26520,0.023689782227472558,0.8154259905773039,0.16088422719522355
26521,0.11898173107724047,0.11187502837258673,0.7691432405501729
26522,0.14096831339019336,0.20319443760602224,0.6558372490037844
26523,0.08298934069703047,0.21712280423386093,0.6998878550691087
26524,0.07999308163497162,0.25868657720611465,0.6613203411589137
26525,0.1887478338723398,0.22506061145983625,0.5861915546678239
26526,0.07709692496504421,0.13355525822830402,0.7893478168066519
26527,0.07188399234828217,0.20732001024275143,0.7207959974089665
26528,0.19620093700175537,0.8025245187110868,0.0012745442871578546
26529,0.12154479833579607,0.06916028419836825,0.8092949174658356
26530,0.03343905450462162,0.16296273589723603,0.8035982095981423
26531,0.09233581955886601,0.17407824182866918,0.7335859386124648
26532,0.144673283685021,0.16411803906411382,0.6912086772508652
26533,0.08536305486697972,0.1698868885933946,0.7447500565396257
26534,0.04936191872944024,0.07279647181286367,0.8778416094576961
26535,0.08537205825351128,0.17118933876640374,0.743438602980085
26536,0.17713899626865576,0.11097755259229607,0.7118834511390482
26537,0.08642964037552253,0.06229069316792209,0.8512796664565553
26538,0.025356637355941,0.2511430008021567,0.7235003618419023
26539,0.08520658267394712,0.14500903622312547,0.7697843811029274
26540,0.08257920282044923,0.4469572505477477,0.4704635466318031
26541,0.07521050900830764,0.16192574356036238,0.76286374743133
26542,0.08624812133303512,0.1869429869543405,0.7268088917126243
26543,0.16681260402207207,0.10195660119886518,0.7312307947790627
26544,0.17920589119150626,0.15580483680307342,0.6649892720054204
26545,0.18006776842175695,0.2770209764160399,0.5429112551622032
26546,0.07459220606519486,0.4191719195335233,0.5062358744012819
26547,0.08201246884065186,0.14594915603180572,0.7720383751275424
26548,0.10656493800228743,0.11885917560545914,0.7745758863922534
26549,0.15478881098451394,0.8436160800863969,0.001595108929089252
26550,0.09442837173230295,0.1962641404284507,0.7093074878392464
26551,0.03523702197016295,0.1418108940880438,0.8229520839417932
26552,0.035963556616402804,0.1904158320953639,0.7736206112882333
26553,0.06589787028778234,0.1718913411744961,0.7622107885377216
26554,0.05497104189651492,0.5657280382005639,0.37930091990292114
26555,0.17169866294470768,0.22098189070388283,0.6073194463514096
26556,0.05840961398806423,0.21749626336110092,0.7240941226508348
26557,0.132527825874424,0.12995234289680158,0.7375198312287744
26558,0.19153980047029345,0.16546159917911937,0.6429986003505872
26559,0.1659900180259725,0.11691537160689172,0.7170946103671357
26560,0.1493758431002047,0.24783361410977067,0.6027905427900245
26561,0.15311360563191195,0.1686857133951595,0.6782006809729285
26562,0.0895082783634628,0.09942551684800277,0.8110662047885344
26563,0.08172111740651332,0.0750747496348308,0.8432041329586559
26564,0.08251441199608499,0.15292626482082508,0.7645593231830901
26565,0.09353801271122476,0.3896213023705859,0.5168406849181894
26566,0.14741828743686752,0.1486845856882547,0.7038971268748777
26567,0.04694113282209167,0.1141943699213531,0.8388644972565552
26568,0.42325710826925134,0.5756088266138751,0.0011340651168734815
26569,0.10439793278572324,0.18844064533402685,0.7071614218802499
26570,0.14096406678898335,0.2376467124787541,0.6213892207322625
26571,0.10495767409179638,0.10183952441048835,0.7932028014977153
26572,0.09346998171025321,0.34583224780895255,0.5606977704807943
26573,0.20114060688276234,0.1646352337556793,0.6342241593615584
26574,0.15753713814355316,0.08427568606740611,0.7581871757890407
26575,0.11591898442023885,0.08181127289324487,0.8022697426865163
26576,0.09996919875021193,0.08967523057443068,0.8103555706753574
26577,0.07514218614018388,0.10347931730198037,0.8213784965578358
26578,0.1288192441007164,0.3726900237763583,0.49849073212292516
26579,0.2901860408623064,0.708795545431346,0.0010184137063476537
26580,0.07977126101822593,0.1470400674967842,0.7731886714849898
26581,0.10019069488310074,0.32492455212588883,0.5748847529910104
26582,0.07760518130469467,0.14306015021313231,0.779334668482173
26583,0.060027712164615374,0.1448855438016407,0.7950867440337439
26584,0.03150453079718171,0.16981593649289256,0.7986795327099258
26585,0.1504838669511711,0.34742945440767414,0.5020866786411549
26586,0.4208389748805688,0.18678946500075422,0.3923715601186769
26587,0.3634550275484172,0.3850457882570374,0.2514991841945455
26588,0.04453123477855802,0.11777517515159452,0.8376935900698473
26589,0.0749728100301795,0.17145407106595706,0.7535731189038634
26590,0.10371039251878682,0.35045638911674626,0.545833218364467
26591,0.17780078753023115,0.8182538728987448,0.003945339571024031
26592,0.2320277937451016,0.13786203391244756,0.6301101723424508
26593,0.11426923559020367,0.28159307844455544,0.6041376859652409
26594,0.11957720250019933,0.20585379679112462,0.674569000708676
26595,0.04856533773361817,0.14583113627773145,0.8056035259886505
26596,0.030350284992342953,0.16622171240831032,0.8034280025993468
26597,0.10059244956634769,0.5038960161266057,0.39551153430704655
26598,0.09079209625248749,0.17915517053387842,0.7300527332136341
26599,0.11666004029536041,0.12518039180423257,0.758159567900407
26600,0.05582740722090632,0.1020979297282616,0.842074663050832
26601,0.0782726741479353,0.20589767857785757,0.7158296472742071
26602,0.03277877132942843,0.11996298614252866,0.8472582425280429
26603,0.07480309021792383,0.23138892605224134,0.6938079837298349
26604,0.07636481851107575,0.19455071665826976,0.7290844648306546
26605,0.07009380553921925,0.16562776473012572,0.7642784297306551
26606,0.21497383722622695,0.17681251862567396,0.6082136441480991
26607,0.17396176180731016,0.8232676694043348,0.0027705687883550906
26608,0.013084392433306972,0.07422157941982593,0.9126940281468672
26609,0.09201665756280787,0.19760929435650512,0.7103740480806872
26610,0.27345024527022255,0.709520225876406,0.01702952885337144
26611,0.1299207472515375,0.2181325609114064,0.6519466918370561
26612,0.09695359020060124,0.2911943056443617,0.611852104155037
26613,0.22475841931732224,0.16496005544213999,0.6102815252405377
26614,0.06658827539280995,0.13072479775596874,0.8026869268512213
26615,0.03324318872780636,0.16694990737080317,0.7998069039013905
26616,0.11591284155231805,0.06387889610044539,0.8202082623472366
26617,0.11602072495153228,0.09652446916171263,0.7874548058867551
26618,0.13631379248638723,0.13434892569299461,0.7293372818206181
26619,0.12233297665224159,0.17707216397946765,0.7005948593682907
26620,0.1990688707321693,0.7988446081001224,0.0020865211677082852
26621,0.08877376644151579,0.1084572542386187,0.8027689793198655
26622,0.09198161741170631,0.2694057128846458,0.6386126697036478
26623,0.05287261268498343,0.45976987238045797,0.48735751493455853
26624,0.05447144027210111,0.09514187367100109,0.8503866860568978
26625,0.30651384265198484,0.20939677668916218,0.48408938065885293
26626,0.14216631170377184,0.16839490743843039,0.6894387808577978
26627,0.073433790239827,0.20962916319507469,0.7169370465650983
26628,0.09385931215114705,0.1905616925943924,0.7155789952544606
26629,0.10357994353446252,0.12381717095938924,0.7726028855061482
26630,0.06598774839966087,0.14439958506129513,0.789612666539044
26631,0.027568355885650722,0.09338292803225014,0.8790487160820991
26632,0.144395241616596,0.12803291596379343,0.7275718424196106
26633,0.06630704291753597,0.18533070004128563,0.7483622570411785
26634,0.048139911906377036,0.06310397205116315,0.8887561160424597
26635,0.10460127042318605,0.1740139139684286,0.7213848156083854
26636,0.07275146895353352,0.31530466269287016,0.6119438683535963
26637,0.04190359079300329,0.08001682872914881,0.8780795804778478
26638,0.07204634702391598,0.6835945008510157,0.24435915212506834
26639,0.15432396088780975,0.23467244720852903,0.6110035919036612
26640,0.04887910149739937,0.1248993189606507,0.82622157954195
26641,0.11093424968492299,0.4435046055509692,0.44556114476410774
26642,0.0780329064722111,0.07131750626094276,0.8506495872668461
26643,0.12332461007032831,0.15759108334855473,0.719084306581117
26644,0.10765240175280151,0.1911491052644038,0.7011984929827947
26645,0.02565550585132559,0.10207508279050771,0.8722694113581666
26646,0.5064134879019482,0.1895610185674946,0.3040254935305572
26647,0.11109674237580548,0.17911396699133209,0.7097892906328624
26648,0.09035809890410186,0.48459987855981584,0.4250420225360824
26649,0.1154809046723584,0.14221923778396864,0.742299857543673
26650,0.3122402561789678,0.6843135212253788,0.0034462225956532655
26651,0.3129018045327624,0.6850207461920153,0.0020774492752223942
26652,0.3125412641024704,0.10388262675917817,0.5835761091383513
26653,0.33826216579033164,0.1929722318157401,0.46876560239392817
26654,0.15614464612115853,0.3971561383327463,0.44669921554609504
26655,0.06834444561842076,0.24841684811889833,0.6832387062626809
26656,0.09461233939510118,0.1670392043583456,0.7383484562465533
26657,0.12799995272455925,0.09894226261758389,0.7730577846578569
26658,0.08678793646422653,0.2232647525658667,0.6899473109699068
26659,0.248250909193502,0.18364029819608121,0.5681087926104168
26660,0.13553692176621643,0.24647674383089743,0.6179863344028862
26661,0.15713287507055446,0.1727579349666758,0.6701091899627697
26662,0.07417294955521807,0.16554973698885225,0.7602773134559297
26663,0.16567055812089512,0.18890471980404788,0.6454247220750571
26664,0.06548196351190867,0.1418884151141969,0.7926296213738944
26665,0.1365590557388604,0.23415018294494555,0.6292907613161941
26666,0.052144376682057104,0.44600848067172266,0.5018471426462202
26667,0.06512790485144282,0.10237579000554586,0.8324963051430112
26668,0.1884380188252432,0.36975997791148046,0.4418020032632764
26669,0.11126973337111712,0.3184042103035711,0.5703260563253117
26670,0.18753344452523832,0.17088910189463666,0.641577453580125
26671,0.11627159688769541,0.13148847277815115,0.7522399303341534
26672,0.04108572235204948,0.165200744773417,0.7937135328745336
26673,0.08165185403640934,0.22937475244632383,0.6889733935172668
26674,0.37440130775310504,0.07270048360989297,0.552898208637002
26675,0.12611878302615775,0.26062025706185454,0.6132609599119877
26676,0.15463628014998457,0.16852128486083603,0.6768424349891794
26677,0.06401895777377346,0.12660678773345793,0.8093742544927686
26678,0.11365494900442104,0.40438356704337874,0.48196148395220023
26679,0.1644601034986251,0.13385964021780822,0.7016802562835667
26680,0.027322472629993797,0.13159716246614137,0.8410803649038648
26681,0.06905671883897707,0.0608429381528978,0.8701003430081251
26682,0.060947609392103655,0.11186171774078747,0.8271906728671088
26683,0.06251712552461473,0.2742344885708925,0.6632483859044928
26684,0.04544284215295995,0.12910521420374085,0.8254519436432991
26685,0.13657230563053926,0.1679571709637008,0.6954705234057601
26686,0.05184870147773131,0.16212498611525356,0.7860263124070151
26687,0.14948077628718626,0.17253473715289755,0.677984486559916
26688,0.08409333581398594,0.5052813212962464,0.41062534288976765
26689,0.06287101801765828,0.1604896133245789,0.7766393686577628
26690,0.09872595485883766,0.18675719801694482,0.7145168471242176
26691,0.08190574865641319,0.14570955500286545,0.7723846963407214
26692,0.0629982718449998,0.2655342288498641,0.671467499305136
26693,0.2693237064775325,0.20051753177610754,0.53015876174636
26694,0.618918648480569,0.38030152596585426,0.0007798255535767038
26695,0.07982317761263642,0.10173089302391977,0.8184459293634438
26696,0.07065174526033424,0.16935689986387512,0.7599913548757906
26697,0.06221436517707913,0.06556259689050446,0.8722230379324164
26698,0.06856964832812737,0.05738726344027211,0.8740430882316005
26699,0.06655298651191137,0.2436625729567536,0.6897844405313349
26700,0.04905332560289428,0.216732247512815,0.7342144268842906
26701,0.24106822458476282,0.3195144664572961,0.4394173089579411
26702,0.11856178056596256,0.4221766868517358,0.45926153258230173
26703,0.08904647841394137,0.19229685816977393,0.7186566634162848
26704,0.08353961475983379,0.14179853092679942,0.7746618543133669
26705,0.05171738324001646,0.1036537697488273,0.8446288470111563
26706,0.044153083274262504,0.15269918725383794,0.8031477294718996
26707,0.2602201360318694,0.16889737819626968,0.5708824857718611
26708,0.06519955784211592,0.15824596772341498,0.7765544744344691
26709,0.10092359424207753,0.12728845516297274,0.7717879505949496
26710,0.17617785143427142,0.23405809831003094,0.5897640502556977
26711,0.13773352223263013,0.11019987603627578,0.7520666017310941
26712,0.0834082334786351,0.21630686742131228,0.7002848991000526
26713,0.11970475352204639,0.2020886904751903,0.6782065560027633
26714,0.05267712240320631,0.1533315524459824,0.7939913251508114
26715,0.08837710452191232,0.20699781989337163,0.7046250755847161
26716,0.11084850459365858,0.49051090664465,0.39864058876169134
26717,0.09543348580386614,0.16331488150859838,0.7412516326875355
26718,0.09440365582765443,0.17520024918628882,0.7303960949860567
26719,0.1036347989841217,0.17340657632386555,0.7229586246920128
26720,0.10441789136242831,0.19920608784212404,0.6963760207954477
26721,0.05246754225700726,0.17378587176684182,0.7737465859761509
26722,0.07631732447914664,0.13750234416903437,0.7861803313518191
26723,0.08146993609621025,0.07748419989353413,0.8410458640102556
26724,0.14131333343142355,0.21797308063756674,0.6407135859310097
26725,0.02710940697975114,0.3463356403681491,0.6265549526520997
26726,0.1412561756736967,0.3982194343479055,0.46052438997839773
26727,0.0701074391427361,0.13203923638649634,0.7978533244707676
26728,0.1125900165235015,0.17499029886736142,0.7124196846091371
26729,0.07309649220667866,0.26170896634825924,0.6651945414450622
26730,0.1065480818718953,0.3793018387531881,0.5141500793749166
26731,0.05606153677019039,0.16287092417653928,0.7810675390532703
26732,0.2630999592142371,0.7356969486352922,0.0012030921504707212
26733,0.10424267261859828,0.14155045059817487,0.7542068767832268
26734,0.0809721634447963,0.15926660905407494,0.7597612275011288
26735,0.10394290525636417,0.16001154586074415,0.7360455488828916
26736,0.06508736029764885,0.13518302725953385,0.7997296124428173
26737,0.14557825706805255,0.2377179119602398,0.6167038309717077
26738,0.04262361459710703,0.1215355498783078,0.8358408355245852
26739,0.22211074752470394,0.0875475156636046,0.6903417368116915
26740,0.04297473996479052,0.12486842238523288,0.8321568376499765
26741,0.13706934331612608,0.8611402453191791,0.0017904113646948073
26742,0.03974499317700374,0.1987718696207348,0.7614831372022614
26743,0.19009702077488166,0.14791592615740276,0.6619870530677155
26744,0.20439878370411563,0.225122922237982,0.5704782940579023
26745,0.048551746657736976,0.1624618563255432,0.7889863970167198
26746,0.12415859960319736,0.16041556270460955,0.7154258376921931
26747,0.11782025713890296,0.3262089172318444,0.5559708256292526
26748,0.21594855823257408,0.26471266369498375,0.5193387780724422
26749,0.06279102549873909,0.1449970732116574,0.7922119012896035
26750,0.07652722710466803,0.06569679788354443,0.8577759750117876
26751,0.030273901968353237,0.10016816108391816,0.8695579369477285
26752,0.06896477394091881,0.44905997627568933,0.4819752497833919
26753,0.11936574766576286,0.11589257864230722,0.7647416736919299
26754,0.09131235703595354,0.09385960831633482,0.8148280346477117
26755,0.04155071562315617,0.10554958519021326,0.8528996991866307
26756,0.09241804232834659,0.15630135670389736,0.7512806009677562
26757,0.08611980995056547,0.15710137456984227,0.7567788154795922
26758,0.07275345252525157,0.22842054015904137,0.6988260073157071
26759,0.06826026579545111,0.18819860011632794,0.743541134088221
26760,0.1331595972444232,0.39316085495373343,0.47367954780184335
26761,0.08498794285250093,0.0738940531542593,0.8411180039932398
26762,0.07656478604077184,0.21828787511159986,0.7051473388476283
26763,0.048511474871619775,0.21219659032358898,0.7392919348047912
26764,0.1331504584165567,0.2713971149616171,0.5954524266218263
26765,0.0914135746515216,0.14027015759741998,0.7683162677510584
26766,0.07474990155436197,0.5281312391168357,0.3971188593288023
26767,0.11432385737598097,0.15431927258146294,0.7313568700425561
26768,0.09946932836959389,0.8982478328816824,0.0022828387487237103
26769,0.10810502764032577,0.3172642317215131,0.5746307406381612
26770,0.19912697393096532,0.29436211611082,0.5065109099582147
26771,0.20369211332067236,0.7947267243605394,0.0015811623187882659
26772,0.38473549329955103,0.08362365557729318,0.5316408511231557
26773,0.1091942197378368,0.13892233590793526,0.7518834443542279
26774,0.03203409546483146,0.18018723001293618,0.7877786745222323
26775,0.06308517831800285,0.29715600359799654,0.6397588180840007
26776,0.03976949491712694,0.112949567133852,0.847280937949021
26777,0.0601099552269105,0.0636111352071077,0.8762789095659819
26778,0.0485073961602722,0.1454786541519483,0.8060139496877795
26779,0.10988607986996397,0.10047417522215504,0.7896397449078809
26780,0.08319635692119853,0.16552750561638224,0.7512761374624193
26781,0.05307545419440194,0.1682029038272022,0.7787216419783959
26782,0.09932508908443068,0.09809610921503607,0.8025788017005332
26783,0.1591334885607766,0.17319687782843418,0.6676696336107892
26784,0.07336325816447728,0.5926450471649485,0.3339916946705742
26785,0.10242146056064409,0.23042424112133184,0.667154298318024
26786,0.3705709475756679,0.09163067866763523,0.5377983737566969
26787,0.07164227266871234,0.10564279154620997,0.8227149357850777
26788,0.14308720047964996,0.12881687527622276,0.7280959242441273
26789,0.12460700035233516,0.20201588057176928,0.6733771190758955
26790,0.0770234792216871,0.19688784347021668,0.7260886773080962
26791,0.0907633447112365,0.12496605431291856,0.784270600975845
26792,0.10704372085505372,0.15891282555037772,0.7340434535945686
26793,0.08061029182886399,0.14369239121819688,0.7756973169529391
26794,0.06005392633430634,0.19736195155423306,0.7425841221114605
26795,0.10025426226068479,0.29403797076263055,0.6057077669766847
26796,0.09153061107614859,0.9079353636613257,0.0005340252625256678
26797,0.1084403726865987,0.29008100714657953,0.6014786201668217
26798,0.19714161785588302,0.14516209218824813,0.6576962899558688
26799,0.10646161591382651,0.1944238729617289,0.6991145111244446
26800,0.04703163532635533,0.9499763305306403,0.00299203414300452
26801,0.18949796686265583,0.37645057871068005,0.4340514544266641
26802,0.09164175813317837,0.10500675403213423,0.8033514878346874
26803,0.050132949253910805,0.18014125654264154,0.7697257942034477
26804,0.03596827262037615,0.16581696183282393,0.7982147655467999
26805,0.020557790574900373,0.12343286215872672,0.8560093472663729
26806,0.08001588536754982,0.13988341849076935,0.780100696141681
26807,0.1704825161036166,0.13940559447817724,0.6901118894182061
26808,0.025240212519301926,0.2104225700071638,0.7643372174735342
26809,0.07423836068970834,0.18392090690503393,0.7418407324052577
26810,0.055689557548293446,0.1897428553816379,0.7545675870700687
26811,0.063348532605821,0.07454993480997109,0.862101532584208
26812,0.05999751062465576,0.14859626570044973,0.7914062236748944
26813,0.09883296737717204,0.386714136179097,0.514452896443731
26814,0.12200409290939379,0.1256357493150996,0.7523601577755067
26815,0.08653030731048889,0.18967337779994986,0.7237963148895613
26816,0.05296186291218244,0.30458764218816686,0.6424504948996508
26817,0.1032940433805715,0.061611687367445205,0.8350942692519834
26818,0.17725543922284687,0.1634347203504848,0.6593098404266684
26819,0.08093198922181666,0.2994187908004797,0.6196492199777036
26820,0.16280001093136298,0.8348368923986698,0.0023630966699672257
26821,0.16843346651711946,0.8290001056660139,0.0025664278168666638
26822,0.0985975971366706,0.15565012897206507,0.7457522738912643
26823,0.09985486327530231,0.13530394534447404,0.7648411913802237
26824,0.07382853312627398,0.2034181132856596,0.7227533535880664
26825,0.061724120877731055,0.11759342788078245,0.8206824512414864
26826,0.08727766722301439,0.09384991266807283,0.8188724201089128
26827,0.030540033669907346,0.12731689561018478,0.8421430707199079
26828,0.07157954982561271,0.08174558273237845,0.8466748674420089
26829,0.028538526142954504,0.07357454128409094,0.8978869325729545
26830,0.09874481134063959,0.1357868890997897,0.7654682995595707
26831,0.07724970417091041,0.16236186114975049,0.7603884346793391
26832,0.013429296063587868,0.048349589581112705,0.9382211143552995
26833,0.09791661126822995,0.10844574171221724,0.7936376470195529
26834,0.04071575511877283,0.23705870068626061,0.7222255441949664
26835,0.36761510597329045,0.135913339238836,0.4964715547878735
26836,0.12081979337708938,0.5154212777861349,0.3637589288367758
26837,0.09604554679511237,0.023340310215036457,0.8806141429898512
26838,0.17316782199446878,0.282884529376984,0.5439476486285472
26839,0.5034464426089529,0.12910361848434224,0.36744993890670485
26840,0.18470610134064952,0.31214099885974794,0.5031528997996025
26841,0.05074983610832405,0.12411934289422957,0.8251308209974464
26842,0.04115917538990776,0.1343691816142326,0.8244716429958596
26843,0.059869821908329256,0.13528182835568797,0.8048483497359827
26844,0.14844247508727382,0.4160299318096288,0.4355275931030974
26845,0.4710300558224847,0.04331989043056899,0.4856500537469463
26846,0.025238026581965074,0.10360880633813231,0.8711531670799026
26847,0.13973980730233432,0.22756603855105836,0.6326941541466072
26848,0.15846697934600062,0.06758965169008366,0.7739433689639158
26849,0.18532074118079045,0.1084105289888096,0.7062687298303999
26850,0.13477498521950318,0.20596501284463614,0.6592600019358607
26851,0.15667882386290574,0.3344407516951079,0.5088804244419863
26852,0.07935000055299721,0.36462592587103376,0.5560240735759691
26853,0.07549493091737709,0.12640843398847476,0.7980966350941482
26854,0.13054901908589964,0.867486059060337,0.001964921853763399
26855,0.11804632344221373,0.3651558889493798,0.5167977876084064
26856,0.10402007830173193,0.12426752127345957,0.7717124004248086
26857,0.11069206440107808,0.2379247473233559,0.6513831882755661
26858,0.045966321480399606,0.6663993470457769,0.2876343314738235
26859,0.05052054720641496,0.5612973979523721,0.38818205484121293
26860,0.11320834087127389,0.49781103856400755,0.3889806205647186
26861,0.06881828624981792,0.18005863094791244,0.7511230828022697
26862,0.08515180934223378,0.1753655390051559,0.7394826516526104
26863,0.04668298740913058,0.17019235524134033,0.7831246573495291
26864,0.10934323000577024,0.24257126525363096,0.6480855047405988
26865,0.015746441633961602,0.034178162643776565,0.9500753957222619
26866,0.07703547273558248,0.20465193121945555,0.718312596044962
26867,0.05200402396318079,0.11461194732552599,0.8333840287112931
26868,0.04534508656909742,0.19444341356574066,0.7602114998651619
26869,0.04226574077355599,0.08829604432817531,0.8694382148982687
26870,0.04190516206076984,0.5348678682620123,0.42322696967721796
26871,0.13200409528249485,0.14072736235922775,0.7272685423582774
26872,0.09844909922151462,0.22598561418696222,0.6755652865915233
26873,0.07797051224979364,0.1958108198375654,0.726218667912641
26874,0.12381345367833006,0.25786941035414834,0.6183171359675215
26875,0.07252991242070327,0.1907016381103893,0.7367684494689074
26876,0.038539042030597014,0.10639971876991998,0.855061239199483
26877,0.08019315915371407,0.1339235009289425,0.7858833399173434
26878,0.1317392272118006,0.1979874132272723,0.670273359560927
26879,0.12164502754940348,0.17170846521037444,0.706646507240222
26880,0.15364659131654923,0.07306212110730449,0.7732912875761463
26881,0.0950388736792586,0.19669129390516762,0.7082698324155737
26882,0.33169649615633146,0.09796352179382606,0.5703399820498425
26883,0.009046356807125878,0.0796734068959503,0.9112802362969238
26884,0.08839978003158248,0.2537207496074409,0.6578794703609766
26885,0.13025159752512583,0.20891340935353275,0.6608349931213414
26886,0.1026150537785787,0.10058916294864574,0.7967957832727756
26887,0.04046389025465703,0.09968031631587061,0.8598557934294724
26888,0.166519113797295,0.20646187407186192,0.6270190121308431
26889,0.06766506701568767,0.09707849180427035,0.835256441180042
26890,0.159967642147624,0.25823105374070565,0.5818013041116704
26891,0.13493090104721928,0.2438216060873769,0.6212474928654039
26892,0.28029615338337843,0.1439776459842284,0.5757262006323932
26893,0.1518017570049576,0.1948797999863634,0.653318443008679
26894,0.10353164110339338,0.13711374516197306,0.7593546137346334
26895,0.17485385443258333,0.22603449930909603,0.5991116462583207
26896,0.05764049604396364,0.2136313396241403,0.728728164331896
26897,0.08897135202318268,0.2847286479146562,0.6263000000621611
26898,0.06674137329114613,0.14000101064175594,0.7932576160670979
26899,0.020337257936768636,0.22185336900313035,0.757809373060101
26900,0.03782662504630946,0.21296303682453493,0.7492103381291555
26901,0.07271651412876147,0.3068423387156692,0.6204411471555693
26902,0.015098021358121869,0.03686595791518008,0.9480360207266981
26903,0.07192881652301401,0.20815159902277025,0.7199195844542158
26904,0.30964013411019176,0.6388630076131383,0.05149685827666996
26905,0.07944486366360995,0.21411774736421468,0.7064373889721755
26906,0.031065802397375848,0.10673465903101588,0.8621995385716084
26907,0.0721592270190714,0.06964958917568244,0.8581911838052462
26908,0.08818848179333978,0.3955179224537469,0.5162935957529133
26909,0.08414893583979613,0.3340288167896257,0.5818222473705781
26910,0.1018846992124727,0.38206745445137746,0.51604784633615
26911,0.15261554705612446,0.28193457202069394,0.5654498809231816
26912,0.07313252644461424,0.12504783484283635,0.8018196387125494
26913,0.28675974653733616,0.17274373461511,0.5404965188475539
26914,0.09692117399004938,0.17632839235866096,0.7267504336512896
26915,0.06930974350116362,0.09237348426452517,0.8383167722343111
26916,0.19899641420838607,0.7994430448052341,0.0015605409863798084
26917,0.08980268609652876,0.12546099073956654,0.7847363231639046
26918,0.12884480062353446,0.1300916866648535,0.7410635127116121
26919,0.5375570104229783,0.13530898825908538,0.3271340013179363
26920,0.09327694686079752,0.3091077825479008,0.5976152705913017
26921,0.06640703318588505,0.49481489423438224,0.43877807257973267
26922,0.09850370773444282,0.4062409306106749,0.49525536165488215
26923,0.05036028944381209,0.10484972084385058,0.8447899897123373
26924,0.08770570105026831,0.0741285817222109,0.8381657172275209
26925,0.07235308567855905,0.06833698712321738,0.8593099271982235
26926,0.06776295983035809,0.2697574776098287,0.6624795625598132
26927,0.09874714422635686,0.40885912902593247,0.49239372674771076
26928,0.08328173329692032,0.9152719202915979,0.0014463464114818465
26929,0.0932994989434638,0.27592788034244126,0.6307726207140949
26930,0.1260747990431602,0.3781549919152869,0.4957702090415529
26931,0.28600242452389674,0.711722770685649,0.002274804790454306
26932,0.0568890838021613,0.44420577561968044,0.49890514057815827
26933,0.4706420430022097,0.0653684791223817,0.46398947787540856
26934,0.08230332255019829,0.139955458015702,0.7777412194340997
26935,0.07110513429007932,0.19250254106041748,0.7363923246495031
26936,0.0671832659309729,0.12458597186216148,0.8082307622068656
26937,0.11604615696354273,0.3137951796925305,0.5701586633439267
26938,0.3063505207909645,0.686776254863317,0.006873224345718548
26939,0.21070475249917273,0.7605339534275596,0.02876129407326765
26940,0.10745619791273041,0.11977871940093729,0.7727650826863324
26941,0.067726285424448,0.22339130539293955,0.7088824091826126
26942,0.08043885599549616,0.2143335343735297,0.7052276096309742
26943,0.06892247131261243,0.20941400197956664,0.721663526707821
26944,0.10289052143346959,0.12341309989587557,0.7736963786706548
26945,0.14600307878179028,0.5383233937837619,0.3156735274344477
26946,0.04269298125623188,0.25364829580244,0.703658722941328
26947,0.073719138940992,0.25455338643525655,0.6717274746237514
26948,0.08955518250269318,0.23821783112253408,0.6722269863747729
26949,0.22466006039380393,0.148656364787996,0.6266835748182001
26950,0.20972807445140637,0.1322305906276547,0.658041334920939
26951,0.3985692663213822,0.22227201879250605,0.37915871488611175
26952,0.12515499369450458,0.2229724716867356,0.6518725346187598
26953,0.028743453925911124,0.024822514278213696,0.9464340317958752
26954,0.04125256239528486,0.18990945855990582,0.7688379790448093
26955,0.08268779362539995,0.25287705159511004,0.66443515477949
26956,0.12879910338052947,0.17317907532067994,0.6980218212987906
26957,0.32496141738637746,0.20808062754770448,0.46695795506591814
26958,0.15943053171157304,0.17669604303822103,0.6638734252502059
26959,0.05927513578399763,0.2960659956542784,0.6446588685617239
26960,0.06548986753826021,0.1954339823271741,0.7390761501345657
26961,0.045167285336636734,0.14633118284663696,0.8085015318167262
26962,0.0432592192918487,0.43959763826363224,0.5171431424445191
26963,0.2693237064775325,0.20051753177610754,0.53015876174636
26964,0.11620460206402171,0.32014100029182324,0.5636543976441551
26965,0.05748295351316494,0.3007625534160996,0.6417544930707355
26966,0.05764049604396364,0.2136313396241403,0.728728164331896
26967,0.06050433051332742,0.11559611799112145,0.823899551495551
26968,0.058846748219630055,0.22943550818507968,0.7117177435952903
26969,0.03249662205412988,0.12288749854786789,0.8446158793980022
26970,0.30690330184293463,0.18782328481368332,0.505273413343382
26971,0.12728653905000514,0.25343164433939824,0.6192818166105966
26972,0.12947213473330843,0.2347470043554731,0.6357808609112185
26973,0.054250794148392664,0.0869429623385848,0.8588062435130226
26974,0.08591261467027625,0.11783690834354482,0.7962504769861788
26975,0.18123912998907246,0.11416727531728302,0.7045935946936446
26976,0.2338648278054935,0.7638232070843853,0.0023119651101211436
26977,0.10784083079302403,0.22590053524526088,0.6662586339617151
26978,0.08439208134913957,0.1187571213229651,0.7968507973278952
26979,0.06493806501953771,0.3316229798056599,0.6034389551748024
26980,0.14592549433169322,0.13400167527755485,0.720072830390752
26981,0.03202124760820885,0.25004247503925003,0.7179362773525411
26982,0.06981332683044889,0.14234033251294118,0.78784634065661
26983,0.09458368220746109,0.21406221244519957,0.6913541053473394
26984,0.04960540385125461,0.08155617819365282,0.8688384179550926
26985,0.08411640555689476,0.28246504146852724,0.633418552974578
26986,0.07753466518121824,0.060928665776800936,0.8615366690419809
26987,0.1041719030474075,0.4370747626529208,0.4587533342996716
26988,0.10770979665192792,0.3420017960573448,0.5502884072907273
26989,0.07933595429937969,0.13340644784577024,0.78725759785485
26990,0.0921856979804742,0.11077202704528338,0.7970422749742424
26991,0.09810963846977906,0.1229660325679357,0.7789243289622854
26992,0.07803702885025335,0.5414042913232168,0.38055867982652997
26993,0.08813405217644163,0.1819686183473685,0.7298973294761899
26994,0.13415963116989757,0.15892898755268833,0.7069113812774142
26995,0.07543712551712098,0.28955256095746446,0.6350103135254145
26996,0.05637219535975302,0.11702636767505212,0.8266014369651948
26997,0.21091689768472066,0.3900464809825157,0.3990366213327636
26998,0.13860322549691897,0.12578874041378568,0.7356080340892954
26999,0.3510374304910425,0.11747725735981983,0.5314853121491376
27000,0.04632975659512313,0.37489314227153414,0.5787771011333428
27001,0.09672274174647809,0.28724402327074455,0.6160332349827774
27002,0.08989080779120692,0.24311846886693278,0.6669907233418604
27003,0.24132768829853232,0.15270202017090836,0.6059702915305593
27004,0.06460462582252782,0.15268811265432375,0.7827072615231484
27005,0.049159137193094324,0.3780681171882433,0.5727727456186623
27006,0.11192060793685288,0.11603012907738502,0.772049262985762
27007,0.11783529036059454,0.4921374785344692,0.39002723110493626
27008,0.09500389573714974,0.24513665242253788,0.6598594518403124
27009,0.10696014927476784,0.16765488985851643,0.7253849608667158
27010,0.03741970130608166,0.2269023192374172,0.7356779794565013
27011,0.1378056790567533,0.4319004148849289,0.43029390605831785
27012,0.08754189236450799,0.05519343757203794,0.8572646700634541
27013,0.14709435196830592,0.16176094135616265,0.6911447066755314
27014,0.13120171698779168,0.3807851608684871,0.48801312214372117
27015,0.1191484816326416,0.306529354093339,0.5743221642740194
27016,0.06112423243632796,0.11201625002211141,0.8268595175415606
27017,0.07721523072579699,0.18031147756841245,0.7424732917057905
27018,0.10296372099132346,0.11268161512978606,0.7843546638788904
27019,0.09720403317369732,0.16654814976826857,0.7362478170580342
27020,0.030527986597274143,0.2994238687137908,0.6700481446889351
27021,0.07391026913537978,0.22891433822867333,0.6971753926359469
27022,0.0732422120922824,0.08855964529696522,0.8381981426107524
27023,0.1757077929582749,0.3092849508892932,0.5150072561524319
27024,0.032987640516185746,0.2830250877037297,0.6839872717800847
27025,0.19367940076272144,0.1505488202697954,0.6557717789674832
27026,0.08217933675362546,0.25049912573761685,0.6673215375087577
27027,0.13904613946553881,0.07604687783380937,0.7849069827006518
27028,0.12398263550840347,0.15733195293019756,0.718685411561399
27029,0.07365414144646049,0.23084929731626463,0.6954965612372749
27030,0.12143369480651331,0.513123900901959,0.3654424042915276
27031,0.5883269935681745,0.12773197535348976,0.2839410310783358
27032,0.23883660453991587,0.14968340243957035,0.6114799930205138
27033,0.11809568424331664,0.11639087211799787,0.7655134436386856
27034,0.1360322023727555,0.10126391356933309,0.7627038840579113
27035,0.3299755212059559,0.14400290890062428,0.5260215698934199
27036,0.09034478517061706,0.14122477880963744,0.7684304360197455
27037,0.18515382508599923,0.11021392705484918,0.7046322478591516
27038,0.1039599810492584,0.22317192150099596,0.6728680974497457
27039,0.16930003225696377,0.2594093658026635,0.5712906019403727
27040,0.08270984662442622,0.12368328320796663,0.7936068701676071
27041,0.026845175479183234,0.07090005372839012,0.9022547707924266
27042,0.30991658536324646,0.6890708817405404,0.001012532896213066
27043,0.12563350427065478,0.15844141373202122,0.715925081997324
27044,0.06681147396210699,0.13523739141184743,0.7979511346260455
27045,0.037016735416490115,0.1389721548717539,0.824011109711756
27046,0.03111527538820956,0.15783611828727948,0.8110486063245109
27047,0.11747871026286559,0.44789341317028475,0.43462787656684954
27048,0.2496065478029664,0.7495376644670723,0.000855787729961262
27049,0.031081732764206612,0.6875955593900825,0.2813227078457108
27050,0.09149455587324391,0.2502487200099842,0.6582567241167719
27051,0.06260601304041935,0.3165709157074591,0.6208230712521215
27052,0.05661590610288996,0.08943091255279564,0.8539531813443144
27053,0.06160931715369154,0.31305882072568075,0.6253318621206277
27054,0.131768816566376,0.1466970815311617,0.7215341019024623
27055,0.26579786345607875,0.7331274506320985,0.0010746859118226113
27056,0.14993156578729805,0.8490924574959663,0.000975976716735556
27057,0.07552430994042532,0.17707971046646317,0.7473959795931114
27058,0.07751144061336657,0.297270216562696,0.6252183428239375
27059,0.04170102638430602,0.10705036411257014,0.8512486095031239
27060,0.13300540078053813,0.26331690201244456,0.6036776972070174
27061,0.5097173316775878,0.08571961735696561,0.4045630509654466
27062,0.10706589540274754,0.12401490876454555,0.768919195832707
27063,0.096452621593476,0.14666585496406467,0.7568815234424593
27064,0.02511197480534751,0.033947092069640285,0.9409409331250123
27065,0.06064702874105103,0.4422967229663674,0.4970562482925815
27066,0.053613593115684394,0.027029200076000768,0.9193572068083149
27067,0.09109846100645247,0.2769183625900003,0.6319831764035472
27068,0.4515562502499162,0.10343566078646194,0.4450080889636218
27069,0.03486541924925263,0.14024657048138478,0.8248880102693626
27070,0.08794038061834601,0.10888055368120785,0.8031790657004463
27071,0.16218899227126263,0.08844117795708996,0.7493698297716473
27072,0.05902185433734513,0.2981120896883225,0.6428660559743323
27073,0.09182181360482065,0.17570530261090272,0.7324728837842766
27074,0.105631554123061,0.27360998858233176,0.6207584572946072
27075,0.17708825898554786,0.17167973056316604,0.6512320104512862
